243 244 247 250 254 261 270 281 294 307 319 329 336 341 343 345 346 252 258 266 275 283 302 310 320 329 336 291 291 291 291 283 288 293 298 303 260 266 272 279 272 265 306 312 319 325 320 313 277 283 289 293 297 304 311 305 299 294 289 284 280 289 293 297 308 298 294 290 
241 242 244 248 253 260 269 279 291 305 316 326 334 338 341 343 344 249 255 263 272 281 301 309 319 328 334 289 289 289 288 280 285 290 295 300 258 263 270 276 270 263 305 311 318 323 318 311 276 281 286 291 295 302 308 303 297 292 287 281 279 286 291 295 305 296 292 287 
241 242 245 248 252 259 268 278 292 305 317 327 335 339 342 344 346 250 255 263 272 281 300 308 318 327 334 288 288 287 286 278 283 288 294 299 258 263 270 276 270 263 304 310 317 323 318 311 274 279 285 289 294 301 309 303 297 291 286 280 277 285 290 295 306 296 291 286 
242 243 246 249 253 260 269 280 293 306 317 327 335 339 342 344 345 249 255 264 273 282 299 307 317 327 334 289 289 289 289 280 285 290 295 300 258 263 270 276 270 263 305 311 317 323 318 311 276 281 287 291 295 302 309 303 297 292 288 282 279 287 291 295 306 296 292 288 
241 241 244 247 252 259 268 279 292 305 316 326 333 338 341 344 345 250 255 264 273 281 300 308 318 327 334 289 289 289 288 281 286 290 295 300 258 263 270 276 270 263 305 310 317 323 318 311 276 281 287 291 295 302 309 303 297 293 288 282 279 287 292 296 306 297 292 288 
241 242 244 248 253 260 269 280 293 306 316 326 334 339 341 344 344 250 256 264 273 281 299 307 316 326 333 289 289 289 289 280 285 290 295 300 259 264 270 276 270 264 303 309 315 321 316 309 275 281 287 291 295 302 310 304 297 293 288 282 278 287 291 296 307 297 292 288 
241 242 245 249 253 260 269 279 292 305 317 327 335 339 342 344 345 249 255 264 273 282 299 307 317 327 334 288 288 288 287 280 284 289 294 299 258 263 270 276 270 263 304 310 317 323 318 310 275 279 285 289 294 301 308 302 296 291 286 280 278 285 290 294 305 295 291 286 
241 242 245 248 253 259 268 278 291 304 316 326 334 339 342 344 345 250 256 264 273 281 300 308 318 327 334 289 289 288 288 280 285 289 295 299 258 264 270 277 270 264 304 310 317 323 318 311 274 280 286 290 294 301 309 302 295 291 286 281 278 286 290 294 306 295 291 287 
242 243 245 249 254 261 270 281 294 307 318 328 335 340 343 345 346 249 255 264 273 281 301 309 319 329 335 289 289 288 288 280 285 290 295 301 259 265 271 277 271 264 306 312 319 324 319 312 276 281 286 291 296 302 310 304 298 293 287 282 279 287 292 296 307 297 292 287 
241 242 243 246 251 258 267 278 291 305 316 327 335 340 342 344 345 250 256 264 274 282 301 310 319 329 335 290 290 290 290 282 286 292 297 302 259 264 271 277 271 264 305 311 318 324 318 312 275 281 287 292 296 303 310 304 298 293 288 282 279 288 292 296 307 297 293 288 
241 242 244 248 253 260 269 280 293 306 317 327 334 339 342 344 346 250 256 264 274 282 302 310 320 329 335 291 291 291 291 282 287 292 297 303 260 265 271 278 272 265 305 311 318 323 319 312 276 282 288 292 297 303 310 304 298 293 288 282 279 288 293 297 307 298 293 289 
242 242 244 247 252 260 269 280 293 307 318 327 335 339 342 345 346 251 257 265 274 283 302 310 320 329 335 291 291 291 291 282 287 292 298 303 260 265 272 278 272 265 306 312 319 325 320 313 277 282 288 292 297 303 310 305 299 294 289 283 280 289 293 297 307 298 294 289 
242 242 245 248 252 260 269 280 293 306 317 328 335 339 342 345 346 251 257 265 274 283 302 310 320 330 336 291 291 291 291 282 287 292 297 302 260 265 272 278 272 265 306 312 319 324 319 312 277 282 288 292 297 303 310 304 298 293 288 283 280 288 293 297 307 298 293 289 
241 242 244 247 252 260 269 280 293 306 317 327 334 339 342 344 345 250 257 265 275 283 302 310 319 329 335 291 291 291 292 283 287 292 298 303 259 265 272 278 272 265 306 312 319 324 319 312 276 282 288 293 298 304 311 305 299 294 289 282 279 288 293 298 308 299 294 289 
241 242 244 247 252 260 269 280 293 306 316 326 334 339 342 345 346 251 257 266 275 283 303 311 321 330 336 292 292 292 292 283 287 292 298 302 260 265 272 278 272 265 307 312 319 324 320 313 276 282 288 293 297 304 310 305 299 294 289 283 279 289 293 297 307 298 294 289 
243 244 246 249 254 261 270 281 294 308 319 329 336 341 343 346 347 251 257 265 274 283 303 311 320 330 336 292 291 291 291 282 287 292 297 303 260 265 272 278 272 265 306 312 319 325 320 313 276 282 288 292 297 305 312 306 300 295 289 283 280 288 293 298 309 299 294 289 
240 241 242 245 250 258 267 279 292 305 316 327 335 339 342 344 345 251 257 266 275 283 303 311 320 329 335 292 292 293 293 283 288 293 299 304 259 265 272 278 272 265 306 312 319 324 319 313 276 282 289 294 299 305 312 306 300 295 289 283 279 289 294 299 309 300 295 290 
244 244 246 249 253 260 269 280 292 306 317 328 335 340 342 345 346 251 257 266 275 283 302 310 320 330 336 291 290 290 289 281 286 291 296 302 260 265 272 278 272 265 306 312 319 325 320 313 275 280 286 291 296 303 310 305 298 293 287 281 278 286 291 297 307 298 292 287 
241 242 245 248 253 260 269 280 293 306 317 327 335 340 342 344 345 250 256 265 274 282 301 309 319 328 334 290 290 290 290 281 286 291 297 302 259 264 271 277 271 264 305 311 318 323 318 311 276 281 287 292 296 303 310 304 298 293 288 282 279 288 292 297 307 297 293 288 
241 242 244 247 251 258 267 278 291 304 315 325 334 339 342 344 345 250 256 265 274 282 301 310 320 329 335 291 291 291 291 282 287 292 297 302 259 264 271 278 271 264 306 311 318 324 319 312 275 281 287 292 297 303 310 304 298 293 287 281 278 287 292 297 307 297 293 288 
243 243 245 249 254 260 269 279 291 305 316 327 334 339 342 345 346 251 256 265 274 282 302 310 320 329 336 290 289 289 288 280 285 289 295 300 259 265 271 277 271 264 306 312 319 324 319 312 276 280 286 291 295 302 309 304 297 292 287 281 279 286 291 296 306 297 292 287 
242 242 245 248 252 258 267 279 292 305 317 328 335 340 342 345 346 250 256 265 274 283 300 309 320 330 336 290 289 288 288 280 284 289 295 301 258 264 271 277 271 264 305 312 319 324 319 312 275 280 286 290 295 301 308 303 296 291 286 281 278 286 290 295 306 296 291 287 
242 243 245 248 252 259 268 279 293 307 318 328 336 340 342 344 345 251 257 265 274 282 302 310 320 329 335 290 290 290 289 281 286 291 296 301 260 265 272 278 272 265 306 312 319 324 319 312 276 281 287 292 296 303 309 304 298 293 288 282 279 287 292 297 306 297 293 288 
242 243 245 248 252 259 268 278 291 304 316 326 335 340 343 345 346 251 257 266 275 283 302 310 320 330 336 290 290 290 289 280 285 291 296 302 259 265 272 278 272 265 306 312 319 325 319 312 275 281 287 291 296 302 309 303 297 292 288 282 279 287 292 296 306 297 292 288 
242 243 245 248 253 261 269 280 293 306 318 328 336 341 343 345 346 251 257 266 275 283 303 311 321 330 336 292 291 291 291 283 287 292 298 303 260 265 272 278 272 265 306 312 319 324 319 313 276 282 288 293 297 304 310 305 299 294 289 282 279 288 293 298 307 298 294 289 
243 244 246 250 254 262 271 281 294 308 320 330 337 341 343 345 346 253 259 267 276 283 302 310 320 329 336 291 291 291 290 282 287 291 297 302 261 266 273 279 272 266 306 312 319 325 320 313 276 282 288 292 297 304 311 305 299 294 289 283 280 288 293 297 308 298 294 289 
244 244 246 249 254 260 270 281 294 307 318 329 336 341 343 346 347 253 259 268 277 285 302 311 321 330 337 292 292 292 292 283 288 293 299 304 261 267 273 280 273 266 308 314 321 326 321 314 278 284 289 293 298 304 311 305 299 294 290 284 281 289 294 298 308 299 294 290 
244 244 246 249 253 261 270 281 294 307 319 329 336 341 344 346 348 253 259 268 277 286 303 312 322 331 338 293 293 292 292 283 288 293 299 304 261 267 274 280 274 267 308 314 321 327 322 315 277 284 290 294 298 305 312 306 299 295 290 284 281 290 294 298 309 299 295 290 
245 245 247 250 254 261 270 281 295 309 320 330 338 342 345 347 349 254 260 269 278 286 304 312 323 332 339 293 292 291 290 282 287 292 298 303 262 268 275 281 274 268 308 315 321 327 322 315 278 283 289 293 298 305 312 306 299 294 289 284 282 289 293 298 309 299 294 290 
245 246 248 251 255 261 271 281 294 307 319 330 337 342 345 347 349 254 261 269 278 287 303 312 322 331 339 293 293 292 291 283 287 292 298 303 262 268 275 281 275 267 308 315 322 328 322 315 278 283 289 293 298 305 312 306 299 294 289 284 281 289 293 298 309 298 294 289 
245 245 247 250 255 262 271 282 295 309 320 330 338 342 345 347 349 255 261 270 279 288 307 316 325 335 340 296 296 296 295 286 291 296 302 307 264 269 276 282 276 269 311 317 324 329 324 317 279 286 292 297 302 308 315 309 303 298 292 286 283 292 297 302 312 303 298 293 
245 246 248 251 256 263 272 283 297 310 321 331 338 343 345 348 349 255 261 270 280 288 309 317 327 336 342 297 296 296 295 286 291 296 302 307 264 270 277 283 276 270 312 318 325 330 325 318 280 285 292 297 302 309 316 310 303 298 292 286 283 292 297 302 313 303 298 292 
245 246 248 252 256 264 273 284 298 311 322 332 339 344 346 348 350 254 261 270 280 289 308 316 326 336 342 296 295 295 294 285 290 296 301 307 264 270 277 283 276 270 312 318 325 330 325 318 279 284 291 297 302 309 317 310 303 298 291 285 282 291 297 302 314 303 297 292 
246 246 249 252 257 264 273 284 298 312 322 332 339 343 346 348 349 256 262 270 280 288 308 317 326 335 341 296 295 295 294 286 290 296 301 306 265 270 277 283 277 270 311 317 325 330 325 318 281 286 292 296 301 308 315 309 303 297 292 286 284 292 297 301 312 302 297 292 
245 246 248 251 256 263 272 284 297 310 321 331 338 343 346 348 350 256 263 271 281 289 308 316 326 335 342 297 296 295 295 286 291 296 302 307 265 270 277 284 277 270 311 317 325 330 325 318 281 287 292 297 301 308 315 309 303 298 293 287 284 293 297 302 312 302 298 293 
246 246 248 251 256 263 272 283 297 310 321 331 338 343 346 349 350 257 263 272 281 289 309 317 327 336 342 297 296 295 295 286 291 296 302 307 265 270 277 283 277 270 313 318 325 331 326 319 281 287 293 297 301 307 315 309 302 298 293 287 284 293 297 301 312 302 298 293 
247 246 248 251 256 262 271 282 296 309 320 330 338 343 346 349 350 256 262 271 281 290 309 317 327 336 342 297 296 295 294 286 290 296 302 307 266 271 278 284 277 271 313 319 325 331 326 319 280 286 291 296 301 308 315 309 302 297 291 285 283 292 296 301 312 302 297 292 
247 246 248 251 256 263 272 283 296 309 320 330 337 342 346 348 350 257 264 272 281 290 310 318 327 336 342 298 297 295 295 286 291 296 302 307 265 271 278 284 278 271 313 319 326 331 326 319 280 285 291 296 301 309 315 309 302 297 291 285 283 291 296 301 313 302 297 292 
246 246 248 251 256 263 273 284 297 311 321 331 338 343 346 349 351 257 263 273 282 290 311 319 328 337 343 299 298 297 296 287 292 297 303 309 266 271 278 285 278 271 313 320 326 332 327 320 280 286 292 298 303 310 316 311 304 298 292 286 283 292 298 303 313 304 298 293 
245 245 247 251 256 264 273 284 297 311 322 331 338 343 346 349 350 257 264 272 281 290 310 319 328 337 343 298 298 297 296 287 292 297 303 309 266 272 278 284 278 271 313 319 326 332 327 320 281 286 292 297 302 309 315 310 303 298 292 286 283 292 298 302 312 303 298 293 
245 245 247 251 256 264 274 285 298 312 322 331 338 343 347 349 350 256 263 272 281 290 310 318 328 336 342 300 299 299 299 288 294 299 305 311 266 272 279 285 278 272 314 320 326 331 327 320 282 288 295 300 305 311 317 312 306 300 295 288 285 295 300 305 314 305 300 295 
244 244 247 250 255 262 272 283 296 310 321 330 338 343 346 348 350 256 262 271 280 288 309 317 327 336 341 297 296 295 295 285 290 296 302 308 264 270 277 283 277 270 312 318 325 330 325 318 280 285 291 296 301 308 315 309 302 297 291 285 283 291 296 301 312 302 297 291 
244 244 246 250 255 263 272 283 297 310 321 330 338 342 345 348 349 255 261 270 279 288 308 316 326 335 340 297 296 295 295 286 291 296 302 307 264 270 277 283 276 270 311 317 324 330 325 318 280 285 291 296 301 308 314 309 302 297 291 285 282 291 296 301 311 302 297 292 
243 244 246 249 254 261 270 281 295 308 319 329 336 341 345 347 349 254 260 269 278 286 305 313 323 332 339 293 292 292 291 282 287 292 298 303 262 268 275 281 274 268 309 315 322 328 323 316 278 282 288 293 298 305 311 306 299 293 288 283 281 288 293 298 308 299 293 289 
240 241 242 246 252 260 269 280 293 306 316 326 334 340 343 345 346 251 258 267 276 284 304 313 322 331 337 293 293 293 293 283 289 294 300 305 259 265 273 279 272 265 307 314 321 327 322 314 277 283 290 294 299 305 311 306 299 294 290 284 280 290 294 299 308 299 295 290 
240 241 243 247 252 259 268 279 293 306 317 327 335 340 343 345 346 251 257 266 275 283 303 311 321 330 336 292 292 291 291 282 287 292 298 303 260 266 272 279 272 265 306 313 320 325 320 313 276 283 289 293 297 303 310 304 298 293 289 283 280 289 293 297 307 298 293 289 
240 240 242 246 251 259 268 278 292 305 316 326 333 339 342 345 346 249 255 264 273 282 302 310 320 329 335 290 289 288 288 279 284 289 295 301 259 264 271 277 271 264 306 312 318 324 318 312 274 279 285 290 295 302 309 303 297 291 285 279 277 285 290 295 306 296 291 286 
238 238 240 243 247 255 264 275 289 303 313 324 332 337 340 342 343 247 253 262 271 279 299 308 318 327 333 288 287 286 286 277 282 287 293 298 256 262 268 274 268 262 303 309 315 321 316 310 272 278 284 288 293 300 306 300 294 289 284 278 276 284 288 293 303 294 289 284 
237 238 239 243 247 254 262 272 286 300 311 322 330 336 339 341 342 244 249 258 267 276 297 306 316 325 332 285 284 283 282 274 278 284 290 296 254 259 266 272 266 259 301 307 314 319 314 307 269 274 280 285 290 297 304 298 291 286 281 274 272 280 285 290 301 291 286 281 
234 234 236 240 244 251 260 271 283 297 309 319 328 333 336 338 339 243 248 257 265 274 294 302 312 322 328 282 282 281 281 273 277 282 288 294 251 257 263 270 263 256 298 303 310 316 311 304 268 274 279 284 287 294 302 295 289 284 279 274 271 279 284 288 298 288 284 280 
231 232 233 236 240 247 257 268 282 296 308 319 327 332 335 337 338 241 246 255 264 273 293 301 311 320 326 282 283 283 283 273 278 284 290 295 250 255 262 268 262 255 298 304 310 315 311 304 265 272 279 285 290 297 304 297 290 284 278 272 268 279 285 290 301 290 285 279 
233 233 235 237 241 248 256 266 280 294 306 317 326 331 333 335 337 239 245 254 262 270 291 299 309 319 325 279 279 278 278 269 274 279 285 290 248 253 260 267 260 254 295 300 307 313 308 301 263 269 275 280 285 292 300 292 286 280 275 269 266 275 280 285 296 285 280 275 
230 230 233 236 240 248 256 267 280 294 305 316 324 330 333 334 335 237 242 251 260 268 287 296 306 316 323 277 277 277 276 268 273 278 284 289 245 250 257 264 257 251 293 299 306 311 306 299 262 268 274 279 284 290 298 291 285 280 274 268 266 274 279 284 295 284 280 275 
229 229 231 235 239 246 255 265 280 294 306 316 325 330 332 333 334 236 241 249 258 267 286 295 305 314 321 275 275 275 274 267 271 276 282 288 245 250 257 263 257 250 291 297 304 309 304 298 262 267 273 278 283 290 298 291 284 279 274 268 265 273 278 283 295 284 279 274 
227 227 230 233 238 245 254 264 278 292 304 315 323 328 330 331 331 233 239 247 256 264 283 291 302 312 319 273 272 272 271 264 268 273 279 285 242 246 253 260 253 247 289 295 301 307 302 295 259 264 270 275 280 287 295 289 282 277 271 265 262 271 275 280 292 281 277 271 
226 226 228 232 236 243 252 262 276 290 302 313 321 327 329 330 330 233 237 245 254 262 281 290 300 309 316 270 270 269 268 261 265 270 276 282 241 246 252 258 253 246 288 293 300 305 301 294 257 262 268 272 277 285 294 287 280 274 269 263 261 268 273 278 291 279 274 269 
222 222 224 227 232 239 249 260 274 288 299 310 318 324 326 327 328 229 234 242 251 260 280 289 299 309 315 270 270 270 270 261 266 272 278 283 238 243 250 256 250 243 285 291 298 303 298 292 255 261 268 273 278 285 293 286 279 274 268 261 258 268 273 278 290 279 274 268 
222 222 224 227 232 239 249 259 272 286 297 308 317 323 325 326 326 228 233 241 250 258 279 287 297 307 313 268 268 268 268 260 265 270 276 281 238 242 249 255 249 243 284 289 296 302 297 290 254 261 267 271 276 283 290 284 278 272 267 261 257 267 271 276 288 277 272 267 
218 218 221 225 230 238 247 257 270 284 296 307 315 321 324 324 324 226 231 240 249 257 275 284 295 305 311 266 266 266 266 257 262 268 274 279 236 240 247 253 247 241 282 287 294 299 295 288 252 258 264 269 274 280 288 281 275 270 265 258 255 264 269 274 285 275 270 265 
219 220 223 226 231 238 248 258 271 285 297 308 316 321 322 323 323 225 230 238 247 255 275 283 293 303 309 264 264 264 265 257 261 267 273 278 234 239 245 251 245 239 281 286 292 298 293 287 251 256 262 268 273 280 288 281 275 269 264 257 254 263 268 273 285 274 269 263 
219 220 223 225 230 236 246 257 270 285 296 306 314 319 321 322 322 224 228 237 245 253 274 282 292 302 308 264 264 265 265 256 261 266 272 278 233 237 244 250 244 238 280 285 292 297 293 286 250 256 262 267 273 280 287 281 275 269 263 256 253 263 268 273 284 274 268 263 
219 220 222 225 230 236 244 254 267 282 294 305 313 319 321 322 322 224 228 236 244 252 273 281 292 302 309 262 261 260 260 253 257 262 268 273 232 237 244 250 244 237 279 284 291 297 292 285 249 254 259 264 269 276 285 277 270 265 260 255 252 259 264 269 281 270 265 260 
218 218 221 224 228 235 244 255 268 282 294 304 313 318 320 321 321 223 227 236 245 253 272 281 291 301 308 263 263 263 263 255 260 265 271 276 232 236 243 249 243 237 280 285 291 296 292 286 249 254 261 266 271 278 286 279 272 267 261 255 252 261 266 271 283 272 266 261 
222 222 224 227 231 236 244 254 267 281 293 305 313 318 320 321 322 224 228 236 244 253 271 280 290 301 308 260 259 258 257 251 254 259 265 270 232 237 243 250 243 237 278 283 290 296 291 284 247 251 256 261 266 274 283 276 269 263 258 252 251 256 262 267 280 268 263 258 
220 220 222 226 230 237 246 256 269 283 295 305 314 319 321 322 323 224 229 237 246 254 274 283 293 302 309 264 263 263 262 254 259 264 270 276 233 238 245 251 245 238 280 286 292 298 293 286 250 255 260 265 270 277 285 279 273 267 262 256 253 261 266 271 282 272 267 262 
220 221 223 226 231 238 246 256 269 283 295 305 314 319 321 322 323 225 230 238 246 254 274 282 292 302 308 264 264 264 264 256 261 266 272 277 234 238 245 251 245 239 280 285 292 297 293 286 251 257 263 267 272 279 287 280 273 268 263 257 254 263 267 272 283 273 268 263 
221 221 223 227 231 238 247 256 269 283 295 306 315 321 323 324 324 226 230 238 247 255 275 283 293 303 311 262 261 260 260 253 257 262 268 274 234 239 246 252 246 239 280 286 293 299 294 287 250 254 259 264 270 278 286 279 272 267 261 255 253 259 265 270 283 272 266 261 
222 222 223 227 231 238 247 256 270 283 295 306 314 320 322 323 324 227 232 241 249 257 276 284 295 304 311 266 266 265 265 258 262 267 273 277 237 241 248 254 248 242 282 287 293 299 294 288 252 258 264 268 273 280 288 281 274 269 264 258 255 264 268 273 285 273 269 264 
217 218 219 223 229 237 248 259 273 288 299 309 317 322 324 325 325 228 233 242 251 259 277 286 296 305 312 267 267 267 267 259 264 269 275 281 237 241 249 256 249 242 282 288 295 301 296 289 253 259 266 271 275 283 291 285 278 273 267 260 256 266 271 276 288 277 272 267 
220 220 221 224 229 237 247 258 271 285 297 309 318 324 326 327 328 230 236 244 254 262 280 289 299 309 315 270 270 271 271 262 267 272 279 284 239 244 250 257 251 245 287 292 298 304 299 293 256 262 268 273 278 285 292 286 279 273 268 262 259 268 273 278 289 279 274 268 
228 228 230 233 237 243 252 262 275 289 302 313 321 326 328 330 331 233 237 245 254 263 282 291 301 311 318 270 268 267 266 260 264 268 275 280 241 246 253 259 253 246 287 293 300 305 300 293 257 260 266 271 276 285 293 287 279 274 268 262 260 266 272 277 290 279 273 268 
225 226 229 232 237 245 253 264 277 290 301 312 320 325 328 329 330 233 237 246 255 264 284 292 302 312 319 272 272 271 270 263 267 273 278 284 241 246 253 260 253 246 289 294 301 307 301 295 258 264 270 274 279 286 294 287 281 276 270 265 261 270 275 280 291 280 276 271 
227 228 230 234 238 246 255 266 279 292 303 313 322 327 329 331 332 234 239 248 256 265 286 294 305 314 320 274 274 274 273 265 270 275 281 287 243 248 255 261 255 248 291 296 303 309 304 297 260 266 272 277 282 289 296 290 283 278 272 266 263 272 277 282 293 283 278 272 
234 233 234 236 241 247 255 265 278 292 304 315 324 330 334 335 336 238 242 250 259 267 286 295 306 315 322 274 273 272 270 264 268 273 279 285 246 251 257 263 257 251 292 298 304 310 305 298 261 264 270 275 280 288 296 289 282 276 271 265 264 270 275 281 293 281 276 271 
230 230 232 236 240 247 255 265 278 292 304 315 323 329 332 333 334 237 242 251 259 268 288 297 307 316 323 276 276 275 274 267 271 276 282 287 246 251 258 264 258 251 293 298 305 311 306 299 262 267 273 277 282 289 296 290 283 278 273 268 265 273 278 282 293 283 278 273 
230 230 232 236 240 248 257 268 281 295 306 317 325 330 333 334 335 238 244 252 262 270 290 299 309 318 324 280 280 280 280 270 275 281 287 292 247 252 259 265 259 252 295 300 307 312 308 301 262 269 276 281 286 293 300 294 287 281 276 269 265 276 281 286 297 287 282 276 
232 232 234 237 241 248 257 267 280 294 306 317 325 331 334 335 336 240 246 255 264 272 291 300 310 320 325 281 280 280 280 270 275 281 287 292 248 254 261 267 261 254 295 301 308 314 309 302 264 271 277 282 287 294 301 294 287 282 277 271 267 277 282 287 298 287 282 277 
233 233 235 237 241 247 256 267 281 295 307 318 326 331 334 336 337 241 247 255 264 272 291 300 310 320 326 281 281 280 280 270 276 281 288 293 250 255 262 268 262 255 296 302 308 314 309 302 265 271 277 282 286 293 300 294 287 282 277 271 268 277 282 286 297 287 282 277 
233 233 236 239 243 250 258 268 282 295 307 318 327 332 335 337 338 240 246 254 264 272 292 301 311 321 327 280 279 278 277 269 274 279 284 290 250 255 262 268 262 255 296 302 309 315 310 303 265 270 276 280 284 292 299 293 286 281 276 271 268 276 280 285 296 286 281 277 
234 234 236 238 242 249 257 268 282 297 308 319 327 333 336 338 339 242 248 257 267 275 294 303 313 323 328 284 284 284 284 274 279 285 291 297 251 256 263 269 263 256 300 305 312 317 312 306 266 273 280 285 291 298 305 298 291 285 279 272 269 280 285 291 302 291 285 279 
236 236 237 240 245 251 259 269 282 297 308 319 327 332 335 338 339 242 249 258 267 276 295 304 314 324 329 285 284 284 283 273 278 284 290 296 252 257 264 270 264 257 300 305 312 318 313 306 267 273 279 284 289 295 302 296 290 285 279 273 270 279 284 289 299 290 285 279 
238 237 238 241 245 251 259 269 282 296 308 320 328 334 337 339 340 244 249 257 267 276 296 305 315 325 331 283 282 281 279 272 276 281 287 293 252 257 264 271 264 257 300 306 312 318 313 306 268 273 278 283 288 295 302 295 289 284 278 273 271 278 283 288 299 289 284 279 
237 237 239 241 246 253 261 271 285 299 310 321 329 334 337 339 340 244 249 258 267 276 296 305 315 324 330 284 283 282 281 273 278 283 289 295 253 258 265 271 265 258 300 306 312 318 313 306 268 274 280 285 289 296 303 297 290 285 280 274 271 280 285 290 300 290 285 280 
236 236 239 242 246 252 261 271 284 298 310 320 328 334 337 340 341 245 251 260 270 278 298 307 317 327 332 287 286 285 285 276 280 286 292 297 254 259 266 273 266 259 302 308 315 320 315 308 269 275 281 286 290 297 303 297 291 286 280 275 272 281 286 290 301 291 286 281 
236 237 239 242 246 252 261 271 285 299 310 321 329 335 337 340 341 245 251 260 269 278 297 306 316 325 331 285 285 285 284 275 280 285 291 297 253 259 266 272 265 259 301 307 313 319 314 307 269 275 281 286 291 297 305 298 292 287 281 275 272 281 286 291 302 291 287 282 
236 237 239 243 247 254 264 274 286 300 311 322 330 335 339 340 341 245 251 260 269 278 298 306 316 326 333 286 286 286 285 277 281 286 292 298 254 260 267 274 267 260 302 308 314 320 315 308 270 276 282 287 292 299 306 300 293 288 282 276 273 282 287 292 303 293 288 283 
237 237 239 242 246 253 261 272 285 299 310 321 329 335 338 340 342 246 253 262 272 280 299 307 318 327 333 287 287 287 286 277 281 287 293 298 255 260 267 274 267 260 303 309 315 321 316 309 270 277 283 288 292 299 305 299 293 288 282 277 274 283 288 292 302 293 288 283 
237 237 239 242 245 251 261 271 285 299 311 321 330 335 338 341 342 246 253 262 272 281 299 307 318 327 333 288 288 287 287 277 282 287 294 299 255 260 267 274 267 260 303 309 316 321 316 309 271 277 283 288 292 299 306 300 293 288 283 277 274 283 288 293 303 293 288 283 
241 240 241 244 248 254 262 272 285 299 311 322 330 336 338 341 343 248 254 262 271 279 299 308 318 327 334 286 285 284 283 275 280 285 291 296 256 261 268 274 268 261 303 310 316 321 316 310 270 274 280 285 291 298 305 299 292 286 280 274 272 280 285 291 303 292 286 281 
239 239 240 243 247 254 262 273 287 300 312 323 331 336 339 341 343 248 254 263 272 281 300 308 319 328 334 288 287 286 285 277 281 286 292 298 257 262 269 275 269 262 304 310 317 322 317 310 271 276 282 287 292 299 306 300 293 288 282 276 274 282 287 293 303 293 288 282 
239 239 241 245 249 255 263 274 287 301 313 323 331 336 339 342 343 248 255 263 272 281 300 309 319 328 334 289 288 287 287 278 282 288 294 299 257 263 270 276 269 263 304 310 317 322 317 310 273 279 284 289 293 299 306 300 294 289 285 279 276 284 289 293 303 294 289 285 
239 240 242 245 249 255 264 274 288 302 313 324 332 336 340 342 343 249 255 264 274 283 302 310 320 329 335 290 290 290 290 280 285 290 296 302 258 264 270 277 270 264 306 312 318 324 319 312 274 280 286 291 296 303 309 303 297 292 286 280 277 286 292 296 306 297 292 287 
241 241 243 246 250 257 266 276 289 303 315 326 334 339 342 345 346 250 256 264 273 282 302 311 321 330 336 290 289 288 287 279 283 288 294 299 259 264 271 277 271 264 306 311 318 324 319 312 274 279 285 289 294 301 307 302 296 290 285 279 277 285 290 294 304 295 290 285 
240 241 243 246 250 257 267 277 290 303 314 324 332 337 340 343 344 251 257 265 275 283 303 312 321 330 336 292 291 290 290 281 286 291 297 302 259 265 272 278 272 265 306 313 319 325 320 313 274 280 287 291 296 302 309 303 297 292 287 280 277 287 291 296 306 296 292 287 
241 241 243 246 251 258 267 278 291 305 315 325 333 338 341 343 345 251 258 266 275 283 302 310 320 329 335 291 291 291 291 282 286 292 297 302 260 265 272 278 272 265 306 313 319 324 319 313 275 282 288 292 297 304 311 305 298 293 288 282 279 288 293 297 308 298 293 288 
241 241 243 246 250 257 266 277 291 305 315 326 333 338 341 344 345 251 257 266 276 284 304 312 322 331 336 292 292 292 292 282 287 292 298 303 259 265 272 278 272 265 307 313 320 325 320 314 274 281 288 292 298 304 311 305 298 293 287 281 277 287 292 298 307 298 293 288 
241 242 244 247 252 259 268 278 291 305 316 326 334 339 342 345 347 251 257 266 276 285 304 313 323 332 337 292 292 291 291 282 287 292 297 303 260 266 273 279 273 266 307 314 320 326 321 314 275 282 288 293 297 305 311 306 299 294 289 282 279 288 293 298 308 299 294 289 
242 242 244 246 250 257 266 276 289 303 315 326 334 339 342 344 346 252 258 267 276 285 304 312 322 331 338 292 291 291 290 281 286 291 297 303 260 266 273 279 272 266 307 314 320 326 321 314 275 282 288 292 297 303 310 304 297 293 288 282 279 288 292 297 307 297 293 288 
241 242 243 246 250 257 267 277 291 305 315 325 333 338 341 344 346 252 258 267 276 285 304 313 323 332 338 292 292 291 290 281 286 291 297 303 260 266 273 279 273 266 308 314 321 326 321 314 276 282 288 292 297 303 310 304 298 293 288 282 279 288 292 297 306 298 293 288 
241 242 244 247 251 258 267 278 291 305 316 326 334 338 341 344 345 251 258 266 276 284 303 311 321 330 336 292 291 291 291 282 286 292 297 303 260 266 272 279 272 265 306 313 319 325 320 313 276 281 287 292 297 303 309 304 298 293 287 282 279 287 292 297 306 298 293 288 
240 241 243 246 250 256 265 276 289 303 315 325 333 337 340 343 345 250 256 265 275 283 303 312 322 332 337 292 291 290 290 281 286 291 297 302 259 265 272 278 272 265 307 313 320 325 320 313 274 280 287 291 296 303 310 303 297 292 286 280 277 287 291 297 307 297 292 287 
240 240 243 245 250 256 265 276 289 304 315 326 334 339 341 343 345 250 257 265 275 283 302 311 321 330 336 291 290 290 289 280 285 290 296 301 259 264 271 278 271 264 306 312 319 324 319 312 274 280 286 291 295 302 308 303 296 291 286 280 277 286 291 296 306 296 291 287 
240 240 242 245 249 256 265 275 289 303 314 324 332 338 341 344 345 249 255 264 273 281 301 309 319 329 335 289 288 287 286 278 283 288 293 299 258 263 269 276 270 263 305 311 317 323 318 311 273 279 285 289 293 300 308 301 295 290 285 279 276 285 289 294 305 294 290 285 
238 238 240 243 247 253 262 272 286 299 311 321 329 335 338 340 342 247 253 262 271 279 299 307 317 326 333 287 286 286 285 277 281 286 292 297 255 261 268 274 267 260 302 309 315 321 316 309 271 277 283 287 291 298 305 299 292 288 283 277 274 283 287 291 302 292 288 283 
236 237 240 243 248 255 264 275 288 302 312 323 331 335 338 340 341 245 251 260 269 278 298 306 316 326 332 287 287 287 287 277 282 288 294 299 254 260 267 273 267 260 302 308 315 320 315 309 270 277 284 289 293 300 307 301 295 290 284 277 274 284 289 294 304 294 290 284 
242 240 241 243 246 252 260 271 284 299 310 321 329 334 337 340 341 247 252 260 270 278 296 305 315 325 331 285 283 282 280 273 277 282 288 294 256 261 267 273 267 260 301 307 313 319 313 307 267 272 278 283 288 295 303 296 289 284 278 272 270 278 283 288 300 289 284 278 
235 235 237 240 244 251 259 270 283 296 307 318 327 333 336 338 340 244 250 259 268 276 296 304 314 324 330 285 284 283 283 274 279 284 290 296 253 258 265 271 264 258 299 305 311 317 312 305 267 273 280 285 289 296 303 296 290 285 279 273 270 280 285 289 300 290 285 280 
232 233 234 237 241 248 258 269 282 296 308 319 327 332 334 336 338 242 247 256 265 274 292 301 312 322 328 282 282 281 281 272 277 282 288 293 250 255 262 269 262 255 297 304 311 316 311 304 266 272 278 282 287 294 301 295 288 283 278 272 269 278 283 287 298 288 283 279 
232 232 235 238 242 248 257 267 280 294 306 316 324 330 333 335 336 239 245 253 262 271 290 299 309 319 325 279 278 278 277 269 274 279 285 290 247 253 260 266 260 253 295 301 307 313 308 301 264 269 275 280 285 292 299 293 286 280 275 270 267 275 280 285 296 285 280 276 
230 231 233 236 240 247 257 267 281 295 306 316 324 329 331 333 334 238 244 252 261 269 289 297 307 316 323 278 278 278 278 269 274 280 286 292 247 252 259 265 259 252 294 300 306 312 307 301 263 269 275 281 286 293 300 293 286 281 275 269 266 275 281 286 297 286 281 275 
229 230 232 235 240 247 256 266 279 293 304 315 323 328 330 332 333 236 242 251 260 268 286 294 304 314 321 276 276 275 275 267 271 277 283 288 245 250 257 263 257 250 292 297 304 309 305 298 262 267 273 278 283 289 296 290 284 279 273 268 265 273 278 283 293 284 279 273 
230 230 232 235 239 245 254 265 279 293 304 315 323 328 330 332 332 235 241 249 258 267 285 294 304 314 321 275 275 275 274 266 271 276 282 287 244 249 256 262 256 249 292 297 303 309 304 297 261 267 273 277 282 289 296 290 284 279 274 268 265 273 278 282 293 283 278 274 
228 229 231 234 238 245 254 263 277 291 303 314 322 327 329 331 331 234 239 248 256 265 285 293 303 312 319 274 273 273 272 265 269 274 280 285 244 249 255 262 255 249 291 296 302 308 303 297 260 265 271 276 280 287 295 288 282 277 272 266 263 271 276 281 291 281 277 272 
227 228 230 233 237 244 253 263 276 291 302 313 321 326 328 330 330 233 237 246 255 263 283 291 301 311 318 271 270 270 269 262 266 271 277 282 242 247 253 260 253 247 288 294 301 306 301 294 258 263 268 273 278 284 293 286 279 274 269 263 261 269 274 278 290 279 274 269 
228 228 229 232 237 244 253 263 276 290 301 312 320 325 328 329 330 233 238 246 255 264 282 290 300 310 317 272 271 270 270 262 267 272 278 283 241 246 253 259 253 246 288 294 300 306 301 294 258 263 269 274 279 286 294 287 280 275 270 264 261 269 274 279 291 280 275 270 
224 224 227 230 235 242 251 262 275 289 300 311 319 324 326 328 328 230 236 245 254 263 280 289 300 310 316 271 271 271 271 262 268 273 279 285 240 245 252 258 252 245 288 293 299 305 300 294 257 263 269 274 279 287 294 287 280 274 269 263 260 269 274 279 291 280 274 269 
222 223 225 229 235 243 252 262 276 289 300 310 317 323 325 326 326 229 234 243 252 260 279 288 298 307 314 269 269 269 269 261 266 271 278 283 238 243 250 256 250 243 286 291 298 303 299 292 257 262 268 273 278 285 292 286 279 274 269 263 260 268 273 278 289 279 273 269 
221 221 223 226 232 240 250 261 274 287 298 308 317 323 325 326 327 230 235 243 252 260 279 287 297 307 313 270 270 270 271 261 267 272 278 284 239 243 250 256 250 244 286 291 298 303 298 292 255 262 268 273 279 285 292 286 279 273 268 262 258 268 273 279 289 279 273 268 
220 220 222 226 232 240 250 262 276 289 300 310 318 323 325 326 326 229 234 242 251 259 279 287 297 307 313 269 269 270 270 261 266 272 278 283 238 243 249 255 250 243 285 290 297 301 297 291 255 261 268 273 278 285 292 286 279 274 268 262 258 268 273 278 289 279 274 268 
223 224 227 230 234 241 249 259 271 284 296 308 316 322 324 326 326 230 234 242 251 259 277 285 296 306 313 267 267 266 266 260 264 268 273 278 239 243 250 256 250 244 283 288 295 301 296 289 254 260 265 269 273 280 287 280 274 270 265 260 257 265 269 273 284 274 269 265 
223 223 225 228 232 240 250 260 274 288 299 309 318 323 325 326 327 229 233 241 251 259 277 286 297 307 314 268 269 269 269 260 266 271 277 282 237 242 249 255 249 242 285 291 297 302 298 292 255 261 267 272 277 285 292 286 279 273 267 261 258 267 272 278 289 278 273 268 
218 219 221 225 232 241 252 262 275 288 298 309 317 322 324 325 325 228 233 241 250 259 277 286 296 306 313 268 268 269 269 260 266 271 277 282 237 242 248 254 249 242 285 290 296 301 297 291 255 261 268 272 277 284 291 285 279 273 268 262 258 268 272 277 288 278 273 268 
221 221 223 227 232 241 250 261 274 288 299 310 317 323 325 325 325 228 233 241 250 258 276 285 296 306 313 267 267 267 268 260 265 270 276 281 237 242 249 254 249 242 284 290 296 301 297 291 255 261 267 272 276 284 291 285 278 273 267 262 258 267 272 277 288 277 272 267 
220 221 222 226 232 240 250 260 273 287 298 309 317 323 325 325 325 228 233 241 250 259 277 286 296 306 312 268 268 268 268 260 266 271 277 282 237 242 249 255 249 243 285 290 297 302 298 291 255 262 268 273 277 284 291 285 279 273 268 262 259 268 273 278 288 278 273 268 
220 220 222 225 231 240 250 260 273 287 298 309 318 324 326 326 326 229 234 242 251 259 278 287 297 307 313 269 269 270 270 261 266 272 278 283 238 243 249 255 250 243 285 290 297 302 297 291 254 261 268 273 278 285 292 286 279 274 268 262 258 268 273 279 289 279 274 268 
222 222 224 228 232 240 250 261 274 288 299 310 318 323 325 327 327 229 234 242 251 259 279 287 298 307 314 269 269 269 270 261 266 271 278 283 238 243 250 256 250 243 285 291 297 303 298 292 256 262 268 273 278 285 292 285 279 273 267 262 259 268 273 278 289 278 273 268 
224 225 228 231 235 242 251 261 275 289 300 310 318 324 326 327 328 230 235 243 252 260 279 288 298 308 315 270 270 270 271 262 267 272 279 284 239 244 251 257 251 244 286 292 298 304 299 293 256 262 268 273 279 285 293 286 279 273 268 262 259 268 273 279 290 279 274 268 
228 228 230 234 238 245 253 262 275 289 300 311 320 325 328 329 329 233 238 245 253 261 280 288 298 308 315 268 267 267 266 259 264 268 274 280 240 245 252 258 252 245 286 291 298 303 299 292 257 260 266 271 276 284 292 286 278 273 267 261 260 266 271 277 289 278 272 267 
228 228 230 233 238 244 253 261 275 288 300 311 319 325 328 329 330 233 237 245 253 262 281 290 300 309 316 269 268 267 267 259 264 269 275 281 240 245 252 258 252 246 287 293 299 304 300 293 257 260 266 271 277 285 293 286 279 273 267 261 260 266 271 277 290 278 272 267 
226 227 230 233 238 245 254 263 276 290 301 311 319 325 327 329 330 232 237 246 255 264 283 291 301 311 317 272 272 272 272 264 268 273 280 285 241 246 252 259 253 246 289 294 300 305 301 294 259 264 270 275 280 287 294 288 281 276 271 265 262 271 276 280 291 281 276 271 
227 228 230 233 237 245 254 263 276 290 301 312 320 326 328 330 331 233 239 247 256 264 284 292 303 312 319 273 273 273 273 265 270 275 281 287 242 247 253 260 254 247 290 295 301 307 302 296 258 264 271 276 281 288 296 289 283 277 271 265 261 271 276 281 293 282 277 272 
227 228 231 234 239 246 255 265 278 292 303 313 322 327 330 331 332 234 240 248 257 265 285 293 303 313 320 274 273 273 272 265 269 274 280 286 243 248 255 261 255 248 290 296 302 308 303 296 260 266 271 276 281 287 295 288 282 277 271 266 263 271 276 281 292 282 277 272 
230 230 233 236 240 248 257 266 279 293 304 315 323 329 331 333 334 236 242 251 260 268 287 296 306 316 322 276 276 276 275 267 272 277 283 288 245 250 257 263 257 250 292 298 304 310 305 298 262 268 274 279 284 290 298 291 285 279 274 268 265 274 279 284 294 284 279 274 
233 233 235 237 241 248 257 267 280 295 306 317 326 331 334 335 336 239 244 253 262 270 290 298 308 318 324 278 277 276 275 269 273 277 283 288 248 253 260 267 260 253 294 300 307 313 307 300 264 269 275 278 283 290 298 291 284 280 275 269 267 275 279 283 294 284 279 275 
233 233 235 239 242 249 257 267 280 295 307 318 326 331 334 336 337 240 245 253 262 271 290 299 308 318 325 278 277 276 275 268 272 277 282 288 248 254 260 266 260 254 295 301 307 313 308 301 264 269 274 278 282 290 297 291 284 279 275 270 267 275 279 283 294 284 279 275 
234 235 238 241 245 251 260 270 283 298 309 320 328 333 335 337 339 241 246 255 264 272 291 300 310 320 327 280 279 279 278 271 276 280 286 291 249 255 262 268 262 255 296 302 309 315 310 302 267 272 278 282 286 293 301 294 288 283 279 273 270 278 282 286 298 287 283 279 
235 235 237 240 244 251 260 270 283 296 309 319 328 333 336 338 339 242 248 256 266 274 292 301 311 321 328 282 281 281 280 272 277 282 287 293 250 256 263 269 263 256 298 304 310 316 311 304 267 273 278 282 287 293 301 294 288 283 278 273 271 278 283 287 298 288 283 279 
238 237 239 242 246 252 261 271 284 298 310 321 329 334 337 339 340 244 250 259 269 277 296 305 315 324 330 285 285 284 284 275 280 285 291 297 253 258 265 272 265 258 301 306 313 319 313 307 268 274 280 286 290 297 304 298 291 285 280 274 271 280 286 291 301 291 286 280 
239 239 241 244 248 255 263 273 286 300 311 322 330 336 339 342 343 247 252 261 270 278 298 307 317 326 332 286 285 284 283 275 280 285 291 297 255 260 267 274 267 261 303 309 315 321 316 309 270 275 281 286 291 298 306 299 292 286 281 275 273 281 286 291 303 292 286 281 
239 239 241 244 248 255 264 275 288 302 313 323 331 337 340 342 343 248 255 263 272 280 300 308 318 328 334 290 289 289 288 279 284 289 295 301 257 262 269 275 269 262 305 310 317 322 317 311 272 278 285 290 295 301 308 302 295 290 284 278 275 285 290 295 305 295 290 285 
240 240 242 245 249 255 264 275 288 302 314 324 333 338 341 344 345 250 256 264 273 281 301 310 320 328 334 290 289 288 287 279 283 288 294 300 258 263 270 277 270 264 305 311 317 323 318 311 273 279 284 289 293 300 306 300 294 289 284 278 276 284 289 294 303 294 289 285 
243 243 244 246 250 256 264 274 287 301 313 324 333 339 342 346 348 253 259 268 276 284 304 313 323 332 338 293 292 291 290 281 285 290 297 302 261 266 273 279 273 266 308 314 321 326 321 314 274 281 287 291 296 302 309 302 295 290 285 280 278 286 291 296 306 296 291 286 
244 243 245 247 251 258 266 277 291 304 315 325 334 340 343 345 347 253 260 269 278 286 305 314 324 333 338 294 294 293 293 283 288 293 299 305 262 267 274 280 274 268 309 316 322 327 322 316 275 282 288 293 299 306 313 306 299 293 288 281 278 288 293 299 310 299 294 288 
244 244 245 247 251 257 266 277 291 305 317 328 336 341 345 347 349 254 260 269 278 286 306 315 325 334 340 294 293 292 291 282 287 292 298 304 262 268 275 281 275 268 309 316 322 328 323 316 277 283 289 293 297 304 311 304 298 293 288 282 280 288 293 297 308 298 293 289 
243 243 244 246 251 258 267 278 292 307 317 327 336 342 345 347 348 254 260 269 279 287 307 316 326 335 340 296 296 296 296 284 290 296 303 308 263 268 275 281 275 268 310 316 323 328 323 317 276 284 291 296 302 309 315 308 301 295 289 283 280 291 296 302 312 301 296 290 
244 244 246 249 253 259 268 278 292 306 317 327 335 341 345 347 349 253 259 269 278 287 307 316 326 335 341 295 295 295 295 285 290 296 302 307 261 268 275 281 275 267 310 317 324 329 324 317 277 285 291 296 301 308 315 308 301 295 290 284 281 291 296 301 312 301 296 291 
244 244 246 249 254 261 269 280 293 306 317 327 336 341 345 347 349 254 260 269 279 287 307 315 325 335 340 295 295 295 295 285 290 296 302 308 262 268 275 281 275 268 310 317 324 329 324 317 277 284 291 296 302 309 316 309 301 296 290 284 281 291 296 302 313 301 296 291 
244 244 246 249 253 260 270 280 294 307 318 328 336 341 344 347 349 254 261 269 279 287 306 315 326 335 341 295 294 294 293 284 289 294 300 305 262 268 275 281 275 268 311 317 324 329 324 318 278 284 291 295 300 306 313 307 300 295 291 284 281 291 295 300 310 300 295 291 
242 242 244 248 252 259 268 279 292 306 317 327 335 340 343 346 347 253 260 268 277 285 305 314 323 332 338 294 293 293 293 283 288 294 299 305 261 267 273 280 273 267 308 315 321 327 322 315 276 283 289 294 299 305 311 306 300 294 289 283 280 289 294 299 308 299 295 290 
242 243 244 247 252 259 268 279 292 305 316 326 334 340 343 346 347 252 259 268 277 285 305 314 324 333 339 295 294 294 294 283 288 294 300 305 261 267 273 279 273 267 310 316 322 327 323 316 276 283 290 294 299 306 312 306 299 294 289 283 280 290 294 299 309 299 294 290 
104 117 131 145 157 168 178 185 187 185 179 170 158 145 131 116 102 92 85 82 83 87 87 81 79 80 88 100 110 119 129 137 138 139 138 136 103 99 99 104 105 105 102 97 96 99 102 102 158 153 151 152 150 152 156 161 163 163 163 161 157 156 156 156 156 156 157 156 
105 119 133 146 158 169 178 185 187 186 179 170 159 146 133 118 104 92 86 83 84 88 87 82 79 81 88 100 111 121 131 138 139 140 138 137 104 101 101 104 106 106 103 99 99 100 103 103 158 154 151 153 151 153 157 162 164 165 164 162 158 156 157 156 157 158 158 157 
105 119 133 146 159 170 179 186 187 185 178 170 159 147 133 120 105 93 86 83 84 88 87 82 79 81 88 100 110 119 129 137 138 139 137 135 104 102 101 105 106 106 103 99 98 100 103 104 158 152 148 149 148 150 155 161 164 165 165 163 158 154 154 153 155 157 158 158 
106 119 133 147 159 169 178 185 187 185 178 170 158 146 133 119 105 92 86 83 84 88 88 82 80 81 88 100 110 120 130 138 139 140 138 137 105 102 102 105 106 107 103 99 98 101 103 104 158 154 151 152 150 152 156 162 164 165 164 163 158 156 156 156 156 158 158 158 
106 119 133 147 159 169 178 185 187 185 179 170 160 147 134 119 104 92 86 83 84 88 87 82 79 81 88 101 110 120 130 138 139 140 138 136 105 102 102 105 107 107 103 99 99 101 104 104 159 154 151 152 151 152 157 162 164 165 164 163 158 156 156 156 157 158 158 158 
106 120 134 148 160 171 180 186 188 186 180 170 159 147 133 118 104 91 85 83 84 88 88 83 80 81 87 101 111 121 131 138 140 141 139 137 104 102 102 105 106 106 104 100 99 101 104 104 158 154 151 152 150 152 155 161 164 165 165 163 157 156 156 155 155 158 159 158 
104 118 132 145 158 169 179 186 188 186 179 170 159 146 132 118 104 93 86 83 84 88 88 82 80 81 88 100 110 120 130 138 139 140 138 136 104 101 101 105 106 106 103 98 98 100 103 104 158 153 150 151 149 151 156 162 165 166 166 163 158 156 156 155 156 158 159 158 
106 119 132 146 158 169 178 185 187 186 179 171 160 148 134 120 105 91 85 83 84 88 87 82 80 81 88 101 111 120 130 138 139 140 139 138 104 102 101 105 106 107 104 99 99 101 104 104 158 154 152 153 152 154 158 162 164 164 164 162 158 157 158 157 158 158 158 157 
104 118 133 147 159 170 180 186 188 186 179 170 158 145 132 117 102 94 87 84 84 88 87 82 80 82 90 99 109 119 129 137 138 139 137 136 104 101 101 104 105 106 102 98 98 100 103 103 158 153 150 151 149 151 156 162 164 165 165 162 158 155 155 154 156 158 159 158 
105 118 132 145 158 169 178 185 187 185 179 170 158 146 132 117 103 92 86 83 84 88 86 81 79 81 88 100 110 120 130 138 139 140 138 136 103 100 100 104 105 106 102 98 97 100 103 103 158 153 150 152 150 152 156 162 163 164 163 162 158 155 156 155 156 157 158 157 
105 119 133 147 160 170 180 186 188 186 179 170 159 146 133 118 104 94 87 83 84 88 86 81 79 82 90 99 110 120 131 137 138 140 138 136 103 100 100 103 105 105 102 97 97 100 102 103 158 153 150 152 150 152 156 162 164 165 164 162 158 155 155 155 156 158 158 158 
105 118 132 146 159 170 179 186 188 186 179 170 159 147 133 119 104 92 86 83 84 88 86 81 79 81 88 100 110 120 129 137 139 140 138 136 103 100 100 104 105 106 102 98 97 100 103 103 159 153 150 151 149 152 157 162 164 165 164 163 158 155 155 155 156 157 158 158 
104 118 131 145 158 169 179 186 188 186 179 170 159 146 132 118 104 92 86 83 84 88 86 81 79 81 89 100 110 120 131 138 139 140 139 137 103 101 100 104 105 105 102 98 97 100 102 103 158 153 151 152 151 152 157 162 164 165 164 162 158 155 156 155 157 158 158 158 
105 119 133 147 159 170 179 186 188 186 180 171 160 147 133 119 104 92 85 82 84 87 87 82 80 81 88 100 111 120 130 138 139 140 139 137 103 100 100 104 105 105 103 98 98 100 103 104 158 153 150 151 150 152 157 162 164 164 164 162 158 155 156 155 156 157 158 157 
105 118 132 146 159 169 178 185 187 185 179 171 160 147 133 119 104 91 85 82 84 87 86 81 79 81 88 100 110 120 130 137 138 140 138 136 103 100 100 104 105 105 102 98 97 100 103 103 158 153 150 152 150 152 156 162 164 165 164 162 158 156 156 156 156 157 158 158 
105 119 133 147 159 170 179 186 188 186 179 170 158 145 132 118 103 92 85 83 84 87 86 81 79 81 88 100 110 120 130 137 139 140 138 136 103 100 100 104 105 105 102 97 97 100 102 103 158 152 149 150 148 151 155 162 164 165 165 162 157 154 154 154 155 157 158 158 
103 117 131 146 158 169 178 185 187 185 179 171 159 146 132 117 101 92 86 82 83 87 86 80 79 81 88 100 110 120 131 138 139 140 139 136 103 100 100 104 105 105 102 97 97 99 102 103 158 153 150 151 149 152 156 161 163 164 163 162 157 155 155 155 156 157 158 157 
104 118 131 145 158 169 178 185 187 185 178 169 158 146 132 118 103 92 85 83 84 88 86 81 80 82 89 100 110 119 129 135 137 138 137 135 103 100 100 104 105 105 103 98 98 100 103 103 156 149 147 148 146 149 154 161 165 166 165 162 156 152 152 152 154 158 159 158 
107 120 133 146 159 169 178 185 187 185 179 170 159 146 132 118 104 92 86 83 84 87 86 81 79 81 88 100 110 120 129 137 139 140 138 137 103 99 99 104 105 105 102 97 96 99 102 103 158 153 150 151 150 152 156 161 163 164 163 161 157 155 156 155 156 157 157 157 
104 118 132 145 158 169 178 185 187 185 179 171 160 147 133 118 104 92 85 82 83 87 86 81 79 81 88 100 110 120 130 138 139 140 138 137 103 100 100 104 105 105 102 98 97 100 102 103 158 153 150 152 150 152 156 161 163 164 164 162 157 156 156 155 156 157 157 157 
105 118 132 146 158 169 178 185 187 185 179 171 160 147 133 119 104 93 86 83 84 87 86 81 79 81 89 99 110 120 130 137 138 139 138 136 103 100 100 104 105 105 103 98 97 100 103 103 159 153 150 151 149 151 156 161 163 164 163 161 158 155 155 155 156 157 157 157 
102 116 129 143 156 168 178 185 187 185 179 170 159 146 133 119 104 93 86 83 84 88 88 82 80 82 90 99 110 120 130 137 138 139 138 136 102 100 99 104 105 105 102 98 97 100 103 103 157 152 150 151 149 151 156 161 163 164 163 161 157 155 155 154 156 157 157 157 
105 118 131 145 158 169 178 185 187 185 178 169 158 146 132 118 104 92 86 83 84 87 86 81 79 81 88 100 110 120 130 138 139 140 138 137 103 100 100 104 105 106 103 98 97 100 103 103 158 153 150 151 150 152 156 161 163 164 164 162 158 156 156 156 156 157 157 157 
104 117 131 145 157 168 177 184 186 185 178 170 159 147 133 119 105 91 85 82 83 87 87 82 79 81 89 100 110 120 130 137 139 140 138 137 103 99 99 104 105 105 103 98 97 100 103 103 157 153 150 152 150 152 156 161 164 164 164 161 157 156 156 155 156 157 157 157 
106 119 133 146 159 170 179 186 187 185 179 170 159 147 133 119 104 92 86 83 84 88 87 82 80 82 89 100 111 120 130 138 139 140 139 137 103 100 100 104 105 105 103 98 98 101 103 103 158 154 151 152 151 153 156 161 164 165 164 162 158 156 157 156 157 157 158 158 
106 119 133 146 159 169 178 185 187 185 178 169 158 146 132 119 105 92 86 83 84 88 88 83 81 82 89 100 111 121 131 138 139 140 139 137 104 100 100 104 106 106 103 98 98 101 104 104 158 154 152 153 151 153 157 162 164 164 164 162 158 157 157 156 157 157 158 157 
104 118 131 144 157 168 178 185 187 185 178 169 159 146 133 119 105 92 85 83 85 89 89 84 81 83 90 101 111 121 132 138 140 141 139 137 103 100 100 105 106 106 103 99 98 101 104 104 158 154 152 153 151 153 157 162 165 165 165 163 158 157 157 156 157 158 159 158 
104 117 130 144 156 167 177 184 186 184 178 169 158 146 132 119 104 93 87 84 85 89 89 84 82 83 90 101 111 121 131 138 140 141 139 138 104 101 101 105 106 106 104 99 99 102 104 105 158 154 152 153 151 154 158 163 165 166 165 163 158 157 158 157 158 158 159 158 
103 117 130 144 156 168 178 185 187 185 178 169 158 146 132 119 104 93 87 84 85 89 89 84 82 84 92 101 111 120 130 138 139 140 139 137 104 101 101 105 106 106 104 100 99 102 105 105 158 154 151 153 151 153 158 163 166 166 165 163 158 157 157 157 158 159 159 158 
106 119 133 146 158 169 178 185 187 185 179 171 161 149 136 122 108 93 86 84 85 89 89 85 82 84 90 101 110 118 127 136 138 139 138 136 104 100 100 105 106 106 105 99 98 102 105 105 159 154 151 152 151 154 158 163 165 165 165 163 159 157 157 156 158 159 159 159 
104 118 131 144 157 168 178 185 187 185 179 170 159 147 133 119 105 93 87 84 85 89 89 83 82 84 92 101 112 121 132 138 140 141 139 138 104 101 101 105 106 106 104 99 99 102 105 105 159 154 152 153 152 154 157 163 165 166 165 163 158 157 157 156 158 159 159 159 
106 119 132 145 158 169 179 186 187 185 179 170 159 148 134 121 107 93 87 84 85 89 88 83 82 84 92 101 111 120 130 138 139 140 139 137 105 101 101 105 106 107 104 100 100 103 105 105 159 153 151 152 151 153 158 164 166 166 166 164 158 157 157 156 158 159 159 159 
106 119 133 146 158 169 179 186 187 185 178 169 158 146 133 119 105 94 87 84 85 89 89 84 82 85 93 101 111 121 131 137 139 140 138 137 105 101 101 105 107 107 105 100 100 103 105 105 157 152 150 151 149 151 156 163 166 167 166 163 157 155 156 155 156 159 160 159 
106 120 134 147 159 170 180 186 188 185 178 169 159 147 134 121 107 94 87 84 85 89 89 84 82 84 92 102 112 121 131 138 140 141 139 137 105 101 101 106 107 107 105 100 99 103 106 106 159 154 151 152 151 153 158 164 167 168 167 165 159 157 157 156 158 160 161 160 
105 119 132 145 158 169 179 186 188 186 179 170 160 148 135 121 107 93 86 83 85 89 89 84 82 84 92 101 111 121 131 139 140 141 140 138 105 101 101 106 107 107 105 100 99 103 105 106 159 155 152 154 152 154 158 164 166 167 166 164 159 158 158 157 158 160 160 159 
104 118 132 145 158 169 179 185 187 185 179 170 160 149 136 122 109 93 87 84 85 89 89 84 82 84 91 102 112 121 131 139 140 141 140 138 105 102 101 106 107 107 105 100 100 103 105 106 160 155 153 154 153 154 158 164 166 167 166 164 159 158 158 158 159 160 160 159 
105 118 131 145 158 169 179 186 188 187 180 171 161 149 136 122 108 95 88 84 86 90 90 84 82 85 92 102 112 122 133 139 141 142 140 139 105 101 101 106 107 107 105 100 100 103 106 106 159 155 153 154 153 155 159 164 166 167 166 164 159 158 158 158 159 160 160 160 
105 118 132 146 159 170 180 187 189 187 180 172 162 150 137 123 109 93 87 84 86 90 89 85 83 85 93 102 111 121 130 138 140 141 139 137 105 102 102 106 107 107 105 101 101 104 106 106 158 153 151 153 151 153 159 165 168 168 168 165 158 157 157 157 159 161 161 160 
105 118 132 146 159 170 180 188 189 187 180 172 161 150 136 122 108 93 87 85 86 90 89 84 83 85 92 102 112 122 132 139 140 141 140 138 106 102 102 106 107 107 105 100 100 103 106 106 159 153 151 153 151 154 159 165 167 168 167 164 159 157 157 157 159 160 161 160 
105 119 133 146 159 170 180 187 189 187 180 171 160 148 135 122 107 93 87 85 86 90 89 84 82 85 92 102 113 123 133 139 141 142 141 139 105 102 102 106 107 107 105 101 101 104 106 106 159 154 152 154 152 154 159 165 167 168 167 165 159 158 158 157 159 161 161 160 
105 119 134 148 161 172 181 188 190 187 180 171 160 148 135 120 106 93 87 85 86 90 89 84 83 85 92 103 113 123 134 140 142 143 141 139 105 102 102 106 107 107 105 101 101 103 106 106 160 155 153 154 152 154 159 165 168 169 168 165 159 158 158 157 159 161 162 161 
106 120 134 147 160 171 181 188 190 187 180 172 161 149 136 122 108 93 87 85 86 90 89 84 83 85 93 102 112 122 132 139 141 142 140 138 106 103 103 106 107 107 105 101 101 103 106 106 159 154 152 153 152 154 159 165 168 169 168 165 159 157 157 157 159 161 162 161 
106 120 134 147 160 171 181 188 189 187 180 171 160 148 135 121 107 94 87 85 86 90 89 84 83 85 93 102 113 123 133 140 141 143 141 139 105 102 102 106 107 107 105 101 100 103 106 106 160 155 152 154 152 154 159 166 168 169 168 165 159 158 158 158 159 161 162 161 
105 119 133 146 159 171 181 188 190 187 181 172 161 149 136 122 108 93 87 85 86 90 90 85 83 85 91 102 112 122 132 139 141 142 140 138 105 102 102 106 107 107 106 101 100 103 106 106 160 155 152 154 152 155 160 165 168 168 168 165 160 158 158 157 160 161 162 161 
107 121 134 148 160 171 181 188 190 188 182 172 162 150 136 122 107 93 87 85 86 90 90 85 83 84 91 102 113 123 134 141 143 144 142 140 105 102 102 106 108 108 105 101 100 103 106 106 161 157 155 156 155 157 160 165 167 168 167 165 161 160 161 160 160 161 161 161 
107 120 134 147 160 170 180 188 190 187 180 171 160 148 134 120 106 93 87 85 86 90 90 84 82 84 91 102 113 123 133 141 142 143 142 140 106 103 102 106 107 108 105 101 100 103 106 106 161 157 155 156 155 157 160 166 168 168 168 166 161 160 160 160 160 161 161 161 
104 119 133 148 161 172 181 189 190 188 181 172 162 149 136 122 107 95 88 85 86 90 89 84 82 84 91 102 112 122 132 139 141 142 140 138 106 103 102 106 107 107 104 100 100 102 105 105 160 155 152 153 152 154 158 165 168 169 168 166 160 157 157 157 159 161 162 162 
102 116 130 145 158 170 180 188 190 188 180 171 160 147 134 120 105 95 88 86 87 90 88 84 82 84 91 102 113 123 134 141 142 143 141 139 105 103 103 106 107 107 104 100 100 102 105 105 161 157 155 156 155 156 160 165 168 168 168 165 161 160 160 159 160 161 162 161 
105 118 132 146 160 171 181 189 190 189 181 173 162 149 136 122 108 96 89 85 86 90 88 83 82 84 92 102 113 123 134 140 141 143 141 139 105 102 102 106 107 108 104 99 99 102 105 105 161 156 154 155 153 155 159 165 168 168 168 165 160 159 159 158 159 161 162 161 
105 118 131 145 159 170 180 187 189 188 181 172 161 149 135 120 106 94 88 86 87 91 89 84 82 84 91 103 114 124 134 141 142 144 142 140 106 103 102 106 108 108 104 100 99 102 105 106 161 157 155 157 155 157 160 165 167 168 167 164 160 160 161 160 160 161 161 161 
107 120 134 148 161 172 181 188 190 188 182 173 162 149 135 121 106 97 90 86 87 91 88 83 82 83 92 103 114 124 135 142 143 145 143 141 106 103 103 106 108 108 105 100 99 102 105 105 161 157 155 157 155 157 160 165 167 167 166 164 161 161 162 161 160 161 161 160 
104 116 130 144 157 169 179 187 189 188 181 172 161 148 134 119 105 94 88 86 88 91 89 84 82 84 91 103 113 123 134 141 142 144 142 140 106 103 103 106 108 108 104 100 100 102 105 105 161 157 155 157 155 157 160 165 167 168 167 165 161 161 161 161 160 161 161 160 
104 117 131 145 159 171 180 188 190 188 181 172 160 148 134 119 105 95 88 86 87 91 89 84 81 83 91 103 114 124 135 141 143 144 142 140 106 103 103 106 108 108 104 100 99 102 105 105 161 157 155 156 155 156 160 165 168 168 168 165 161 160 160 160 160 161 162 161 
105 118 132 145 159 171 181 189 191 189 181 171 160 147 133 119 104 96 90 87 88 91 89 84 82 84 91 103 113 123 133 142 143 144 142 140 107 104 103 106 108 109 104 100 100 102 105 105 162 158 155 157 155 156 160 165 167 168 167 165 161 160 160 160 160 161 161 161 
106 119 133 147 161 172 181 189 191 188 180 170 159 146 132 118 104 96 89 86 87 91 89 84 82 83 91 103 113 123 134 141 142 143 141 139 107 103 103 107 109 109 104 100 99 101 105 105 161 157 155 155 154 155 157 164 167 168 168 166 161 160 160 159 158 161 162 161 
108 120 134 147 160 171 181 189 190 188 180 171 159 146 133 119 106 98 90 87 88 91 89 84 81 83 90 102 111 120 130 139 141 142 140 138 107 104 103 107 109 110 104 100 99 102 105 105 161 157 155 156 155 156 160 165 167 167 167 165 161 160 160 159 160 161 162 161 
109 122 135 149 161 172 181 189 190 189 181 172 161 148 134 120 105 98 90 87 88 91 88 83 81 84 92 104 115 125 136 142 144 146 143 140 107 104 104 107 108 109 105 100 99 102 104 105 161 158 156 158 156 157 159 164 167 168 167 165 161 161 162 161 160 161 162 161 
110 122 135 149 162 172 181 188 189 188 181 173 161 149 135 120 106 98 91 87 88 91 88 83 81 83 91 104 114 124 134 142 143 145 143 141 107 104 104 107 109 109 105 100 99 102 105 105 162 158 156 157 155 156 159 164 166 167 167 165 161 161 161 160 160 160 161 161 
109 122 136 150 162 173 182 189 191 189 182 173 161 148 133 119 104 98 90 87 88 92 89 83 81 83 91 104 114 124 135 142 144 145 143 141 107 104 104 107 109 109 105 100 100 101 105 105 161 158 156 157 155 157 160 165 167 168 167 165 161 161 161 160 160 161 162 161 
109 122 135 148 161 172 181 189 190 188 180 171 159 146 132 117 103 98 91 88 89 92 90 85 82 84 91 104 115 125 135 142 144 145 143 141 108 105 105 108 110 110 105 101 100 102 105 106 162 158 156 157 156 156 160 165 167 168 168 165 161 161 161 160 160 161 162 162 
110 123 136 149 162 174 183 190 191 189 181 172 160 148 134 120 106 98 91 88 88 92 89 84 82 84 91 104 115 126 136 143 144 146 143 141 108 105 105 108 110 110 106 101 100 102 105 106 162 158 156 157 156 156 159 164 166 167 167 165 162 162 162 161 159 161 162 162 
106 119 133 146 160 171 181 189 191 189 181 171 159 146 132 117 102 98 91 88 89 92 89 84 82 84 91 104 114 124 133 142 143 144 142 140 108 104 104 108 110 110 105 100 99 102 105 106 162 158 156 157 155 156 160 165 168 169 168 166 162 161 161 160 160 161 162 161 
110 122 134 147 160 172 181 189 191 189 182 172 160 147 134 120 106 99 91 88 89 92 90 84 82 84 92 105 115 125 135 143 144 145 143 141 108 105 105 108 110 110 106 101 100 102 105 106 162 158 157 158 156 157 160 165 167 167 167 164 161 161 162 161 160 161 162 161 
111 124 137 150 162 173 183 190 191 189 182 173 162 149 136 121 107 100 92 89 89 92 90 85 82 84 91 103 111 120 129 139 140 141 139 136 109 105 105 108 110 111 105 101 100 103 105 106 162 156 152 153 151 153 159 165 168 168 168 166 161 158 158 157 159 161 162 161 
105 119 133 147 161 173 183 190 191 189 181 172 160 148 134 119 105 98 91 88 89 93 90 85 82 84 91 104 114 124 134 142 143 144 142 140 108 105 105 108 110 111 105 101 100 102 105 106 162 158 155 156 155 156 159 165 168 169 169 166 162 161 161 160 160 162 163 162 
112 125 137 150 162 172 181 188 190 188 181 172 161 148 135 120 106 99 92 89 90 93 90 85 82 84 91 104 115 125 136 143 144 145 143 141 109 105 105 109 110 111 106 101 100 103 105 106 162 159 157 158 156 158 160 165 167 167 167 165 162 162 162 161 161 161 162 162 
108 120 133 147 160 171 181 190 191 189 182 173 161 149 135 120 105 100 92 89 89 92 91 85 83 84 91 104 113 123 132 140 142 143 140 138 108 105 105 108 110 110 105 101 101 103 106 106 163 157 154 155 153 155 160 165 168 169 169 166 163 160 160 159 160 162 163 162 
105 118 131 145 159 170 180 188 190 189 182 173 162 149 134 119 104 97 90 88 89 93 90 85 82 84 91 104 115 125 135 143 144 145 143 141 108 105 105 108 110 110 105 101 101 103 106 106 162 159 157 158 157 158 160 166 168 169 168 166 162 162 162 161 161 162 162 162 
108 122 137 151 163 174 182 189 191 188 181 172 160 148 134 119 105 98 91 87 88 92 90 84 82 84 91 105 115 125 135 143 144 145 143 141 109 106 105 109 110 111 106 102 101 104 106 107 162 157 154 155 153 154 159 165 168 169 169 167 162 160 160 159 159 162 162 162 
107 121 135 149 162 172 181 188 191 189 183 174 162 150 135 121 107 97 90 87 88 92 90 84 82 84 91 104 114 125 135 142 143 145 143 141 109 108 107 108 110 110 106 104 103 103 105 106 161 158 156 157 155 157 159 165 167 168 167 165 161 161 161 160 159 161 162 161 
105 118 132 146 159 171 181 190 191 189 181 171 159 147 133 119 104 98 92 88 89 92 90 85 83 85 93 103 113 122 132 140 141 142 140 137 108 105 105 108 109 110 105 101 101 103 106 106 161 156 153 154 152 153 157 165 168 169 169 166 161 158 158 157 158 162 163 162 
105 119 133 147 161 172 181 189 190 188 181 172 160 148 135 120 106 98 91 87 88 92 90 85 82 85 93 104 114 124 134 142 143 144 142 140 107 104 104 107 109 109 105 101 100 103 106 106 162 158 156 156 155 156 160 165 168 169 168 166 162 161 161 160 160 161 162 161 
106 119 133 147 160 171 180 188 190 188 180 171 160 148 134 120 106 98 91 87 88 91 89 85 83 85 93 103 114 124 135 141 143 144 142 140 107 104 104 107 109 109 105 101 100 102 105 106 161 157 155 157 155 156 159 165 168 168 168 165 160 160 161 160 160 161 161 161 
105 118 132 146 159 171 181 189 191 189 181 172 161 149 136 121 107 97 90 87 88 92 90 84 83 85 93 103 113 122 132 139 141 142 140 138 107 104 104 107 109 109 105 101 101 103 106 106 162 156 154 155 153 155 160 166 168 169 168 166 161 159 159 158 160 161 162 161 
104 117 130 144 157 169 179 187 190 188 181 172 160 148 133 119 105 95 89 86 87 91 89 84 82 84 91 104 114 125 135 142 143 144 142 141 106 102 102 106 108 108 105 100 99 102 106 106 160 158 156 157 156 157 159 165 167 168 167 164 160 161 161 160 160 161 162 161 
106 119 133 146 160 170 180 187 189 187 180 171 161 148 135 121 107 96 89 86 87 91 89 84 82 84 92 103 114 124 135 141 143 144 142 140 106 103 103 106 108 108 105 100 100 102 105 106 160 156 154 156 154 156 159 164 167 168 167 165 160 160 160 159 159 160 161 161 
104 117 130 144 157 168 178 186 189 187 181 171 160 148 133 119 104 94 88 86 87 91 89 84 82 84 91 103 114 124 135 141 142 144 142 140 105 102 102 106 107 108 105 100 100 102 105 105 160 156 155 157 155 157 160 165 167 168 167 164 159 160 161 160 160 160 161 160 
102 115 128 142 156 168 178 187 189 188 181 171 160 147 133 119 105 95 88 86 87 91 89 84 82 84 92 102 113 124 135 140 142 144 142 140 105 102 102 105 107 107 104 100 100 102 105 105 160 156 155 156 155 156 159 165 167 168 167 164 160 159 160 159 159 161 161 160 
103 116 130 144 157 168 179 187 189 187 180 171 161 149 135 120 106 96 89 86 87 90 89 84 82 84 92 102 113 122 133 140 141 142 141 139 106 103 102 106 108 108 105 100 100 103 106 106 160 156 154 155 154 156 159 164 166 166 166 164 160 159 159 159 159 160 160 159 
105 118 131 144 157 168 177 185 188 187 180 172 161 148 135 121 107 94 87 84 86 90 88 83 82 84 92 103 114 124 135 141 142 144 142 140 106 104 103 106 108 108 105 102 101 103 106 106 159 156 154 156 155 156 160 164 166 167 166 163 159 160 160 160 160 160 160 159 
102 115 129 143 156 168 178 186 189 187 180 172 162 150 137 122 108 95 88 85 86 90 89 84 82 85 93 103 113 124 134 141 142 143 141 139 105 103 103 106 108 108 105 101 100 103 106 106 160 156 154 155 154 155 159 164 166 167 166 164 160 159 160 159 159 160 161 160 
101 114 129 143 156 168 178 187 190 188 181 172 161 148 135 121 106 95 88 85 86 90 89 84 82 85 93 102 112 122 132 139 140 142 140 138 106 104 103 106 108 108 105 102 102 103 106 106 160 155 153 154 153 155 160 165 167 168 167 164 159 158 159 158 160 161 161 160 
103 117 131 145 158 170 179 187 189 187 179 171 160 148 134 120 105 95 88 85 86 90 88 84 82 85 93 102 112 122 133 140 141 142 141 139 106 103 103 106 108 108 104 101 101 103 106 106 160 156 154 155 153 155 159 164 166 167 166 164 160 159 159 158 159 160 160 160 
101 115 129 142 156 168 178 186 189 187 181 172 161 149 135 121 106 93 87 84 86 89 88 84 82 85 93 103 113 124 134 140 142 143 141 139 105 103 103 106 107 107 105 102 102 104 106 106 159 155 154 155 154 156 159 165 167 167 166 164 159 159 159 159 159 160 160 160 
104 117 130 144 157 169 179 186 189 187 180 171 161 149 136 122 108 94 87 84 86 90 88 84 82 84 92 101 112 122 133 140 141 142 140 139 106 103 103 106 107 108 105 101 101 103 106 106 159 155 153 155 153 154 158 164 166 167 166 164 159 158 158 158 158 160 160 159 
104 118 132 146 158 169 179 186 189 187 180 171 159 147 134 120 106 93 86 84 85 89 89 84 81 83 90 103 113 123 133 140 141 142 140 139 105 103 103 106 107 108 105 101 100 103 105 106 158 154 152 153 152 153 157 163 166 167 166 163 158 157 157 156 157 159 160 159 
101 115 129 143 156 168 177 185 188 187 180 171 161 149 136 122 107 92 86 83 85 89 89 84 82 84 93 102 113 123 133 140 141 142 141 139 104 102 102 105 107 107 105 101 101 103 106 106 159 155 153 155 153 155 159 164 165 166 165 163 158 157 158 157 159 159 160 159 
101 115 128 142 156 167 177 185 188 187 181 172 161 149 136 121 107 93 86 84 85 90 89 84 82 84 92 101 112 122 133 139 141 142 140 138 104 102 102 105 107 107 104 101 101 103 106 106 158 155 153 154 153 154 158 164 166 166 166 163 158 157 157 157 158 159 160 159 
103 116 130 144 157 168 178 186 188 187 180 172 161 149 136 122 108 93 87 84 85 89 88 84 82 84 92 101 112 122 132 138 139 141 139 137 105 103 103 106 107 107 105 102 102 103 106 106 157 152 150 152 150 152 157 164 167 167 166 163 157 156 156 155 157 160 160 160 
101 115 129 144 157 170 180 187 189 188 181 172 162 149 136 122 108 94 87 84 85 89 88 84 82 84 93 101 111 121 131 138 139 140 139 137 105 102 102 105 106 107 104 101 101 103 105 105 158 152 150 151 150 152 158 165 167 168 167 164 157 155 156 155 158 161 161 160 
103 117 131 144 157 168 178 185 188 186 179 171 160 148 135 121 106 93 86 84 85 89 89 84 81 84 91 101 112 122 133 139 140 141 140 138 105 102 102 105 106 107 104 101 101 103 105 105 159 155 153 154 153 154 158 164 166 166 166 163 158 157 158 157 158 159 160 159 
103 116 130 143 157 168 178 185 187 186 180 171 160 148 135 121 107 93 86 83 85 88 88 84 82 84 92 101 112 122 133 140 141 142 140 139 104 102 102 105 106 106 104 101 101 103 105 105 158 155 153 154 153 155 158 163 165 166 165 163 158 158 158 158 158 159 160 159 
103 117 131 144 157 169 179 186 188 186 180 171 161 149 135 122 108 94 87 84 85 88 88 83 81 84 92 100 110 119 129 136 138 139 137 135 105 102 101 105 107 107 104 100 100 103 105 105 160 154 151 152 150 153 158 164 166 167 166 164 159 156 156 155 158 159 160 160 
104 117 131 144 157 168 178 185 187 186 179 171 160 148 135 122 108 92 85 83 84 89 88 83 81 83 90 101 111 121 132 138 140 141 140 138 104 102 102 105 106 106 104 101 100 103 105 105 158 155 153 154 153 155 158 163 165 166 165 163 158 158 158 158 158 159 159 158 
103 117 131 145 158 169 178 185 187 185 179 170 159 148 135 121 107 90 85 83 85 89 89 84 82 83 90 101 112 122 132 139 140 141 140 138 104 102 102 105 106 106 104 101 100 102 105 105 158 154 152 153 152 154 158 163 166 166 165 163 158 157 157 157 158 159 159 159 
104 117 131 145 158 169 178 185 187 185 179 170 159 147 134 120 106 92 85 83 85 89 88 83 81 84 91 101 112 122 132 139 140 141 140 138 104 101 101 105 106 106 104 100 100 102 105 105 159 155 153 154 153 155 158 164 165 166 165 163 159 158 159 158 159 159 159 159 
104 117 131 145 158 169 178 185 187 186 179 171 160 148 135 121 106 93 86 83 84 88 88 83 81 84 91 100 111 121 131 138 139 141 139 137 105 102 102 105 106 107 104 100 100 102 105 105 158 154 151 152 151 153 157 163 166 166 166 163 158 156 156 155 157 160 160 160 
102 116 130 143 156 167 177 184 187 185 179 171 160 148 134 120 106 91 85 82 84 88 88 83 81 83 91 101 111 121 131 138 139 140 139 137 104 102 102 105 106 106 104 100 100 102 105 105 158 154 152 154 152 154 158 163 165 165 165 162 158 157 157 157 158 159 159 158 
102 116 130 144 157 168 177 185 187 186 179 170 160 148 135 121 107 92 85 82 84 88 88 83 82 84 92 101 111 121 131 138 139 141 139 138 104 102 102 105 106 106 104 101 101 103 105 105 158 154 152 153 151 153 158 163 165 166 165 163 158 156 157 156 158 159 159 158 
102 116 130 144 157 169 179 186 188 186 179 170 159 147 133 119 105 91 85 83 85 89 89 84 82 83 90 101 111 122 132 139 140 141 140 138 104 101 101 105 106 106 104 100 100 102 105 105 159 154 152 153 151 153 158 163 166 167 166 164 158 157 157 156 157 159 160 159 
101 115 129 143 156 168 177 185 188 186 180 171 160 148 135 121 107 93 86 83 84 88 88 83 82 84 93 101 111 121 131 138 140 141 139 138 103 101 101 104 105 106 104 100 99 102 105 105 158 155 153 155 153 155 158 164 165 166 165 163 158 158 158 158 159 159 159 159 
101 115 129 143 156 168 178 185 188 186 179 170 160 147 134 120 107 92 85 83 85 88 88 83 81 84 92 100 111 121 132 138 140 141 140 138 104 101 100 104 106 106 104 99 99 102 105 105 158 154 152 154 152 154 158 163 165 166 165 163 158 157 158 157 158 159 159 159 
104 117 131 145 158 169 178 186 188 186 179 170 160 148 136 122 108 91 85 83 84 88 88 83 81 83 90 101 111 121 132 139 140 141 139 138 104 101 101 105 106 106 104 100 99 102 105 105 158 154 152 153 152 153 157 163 165 165 165 163 158 157 157 156 157 159 159 159 
104 117 130 144 157 168 178 186 188 187 180 172 161 149 136 122 108 92 86 83 85 89 89 84 81 83 90 101 112 122 132 139 140 141 140 138 104 102 102 105 107 107 105 100 100 102 105 105 158 154 152 153 152 153 157 163 166 166 165 163 158 157 157 156 157 159 159 159 
104 118 132 146 159 170 179 186 188 186 179 170 159 147 133 119 104 94 87 83 85 88 87 82 80 83 90 101 112 122 133 139 140 141 139 137 105 102 102 105 107 107 103 100 99 101 104 105 159 154 152 152 151 153 157 163 165 166 166 164 159 157 157 156 157 159 160 159 
103 116 130 144 157 169 180 187 189 187 180 171 160 149 136 122 108 95 87 84 85 89 88 83 81 85 93 100 110 119 128 136 138 139 137 135 105 102 102 104 106 106 103 100 100 102 104 104 157 151 149 151 149 151 156 163 166 166 166 163 157 155 155 154 156 159 160 159 
104 117 130 144 157 168 178 185 188 186 180 171 161 149 136 121 106 93 86 84 85 89 88 83 81 83 92 101 111 121 132 138 140 141 140 137 103 100 101 104 105 106 103 99 98 101 104 104 159 154 152 154 152 154 157 163 165 166 165 163 158 157 158 157 158 159 159 159 
105 118 132 146 159 169 178 186 188 187 180 172 161 148 135 121 107 94 86 84 85 89 88 83 81 83 91 101 112 122 132 139 141 142 140 139 104 101 101 105 106 106 104 100 99 102 104 105 159 155 153 154 153 155 158 164 166 166 165 163 159 158 158 157 158 159 160 159 
102 115 129 143 157 168 178 185 188 186 180 171 160 148 134 120 105 94 87 85 86 89 87 82 80 82 90 101 111 121 131 139 140 141 140 137 105 102 102 105 107 107 103 99 99 101 104 104 159 155 153 154 153 155 158 164 165 166 165 163 159 158 158 158 158 159 159 159 
105 117 131 145 158 169 179 187 188 186 179 171 160 147 133 119 105 94 87 85 86 90 88 82 80 81 88 102 113 123 133 140 141 143 141 138 105 103 102 106 107 108 104 100 99 101 104 105 159 155 153 155 154 155 159 164 166 166 166 163 159 159 159 159 159 159 160 159 
104 117 131 145 158 170 179 187 189 187 180 170 159 146 133 118 104 94 88 85 87 91 89 83 81 83 91 102 112 123 133 140 141 143 141 138 105 102 102 105 107 107 103 99 99 101 104 104 160 156 154 155 153 155 158 164 166 166 165 163 159 158 159 158 158 159 160 159 
103 115 129 143 157 169 179 186 188 186 180 171 159 147 133 119 104 95 88 85 86 90 88 82 80 82 90 102 112 122 132 140 141 142 140 138 105 102 102 106 107 107 104 99 98 101 104 104 160 155 153 154 152 154 158 163 165 166 166 164 159 158 158 157 158 160 160 160 
105 118 132 145 159 170 179 186 188 186 179 170 159 147 133 119 104 96 89 86 87 90 88 83 81 83 90 102 112 121 130 139 140 141 139 137 106 104 103 106 108 108 104 100 99 101 104 104 161 155 152 153 152 154 159 163 166 166 166 164 160 158 158 157 159 159 160 160 
106 119 133 146 160 171 181 188 189 187 180 170 159 146 133 119 104 96 89 86 87 90 88 83 80 83 90 101 111 121 130 139 141 141 140 137 106 103 103 106 108 108 103 99 99 101 104 104 160 156 154 154 153 154 158 163 166 167 166 164 160 158 158 158 158 160 161 160 
106 119 133 147 160 171 180 188 189 187 179 171 160 147 134 120 105 96 89 86 87 91 88 83 80 82 90 102 112 122 132 140 142 142 140 138 106 103 103 106 108 108 104 99 99 101 104 104 161 156 154 154 153 154 158 164 166 167 166 164 160 159 159 158 158 160 160 160 
108 121 134 147 160 170 179 186 188 186 179 171 160 147 133 119 105 97 89 86 87 91 88 82 80 82 90 103 113 122 132 141 142 144 142 140 106 103 103 106 108 108 104 100 99 101 104 105 160 156 155 156 155 156 159 163 165 166 165 163 160 160 160 159 159 160 160 159 
111 125 139 152 164 173 182 188 190 188 180 172 160 148 134 119 105 97 89 87 88 91 88 82 80 82 90 103 113 123 133 140 142 143 142 140 107 103 103 107 108 109 104 100 99 101 104 105 161 156 154 155 154 155 159 164 166 167 166 163 160 160 160 159 158 160 160 160 
108 122 136 149 162 172 180 188 189 187 180 171 160 147 133 119 104 96 89 86 88 91 88 83 80 82 89 103 114 124 135 141 143 144 142 140 107 104 104 107 108 109 104 100 100 101 104 105 161 157 155 156 155 156 159 164 166 167 166 164 160 160 161 160 159 160 160 160 
110 123 137 151 163 173 181 188 189 187 180 171 159 145 132 117 103 97 90 87 88 91 88 83 80 82 89 103 114 124 134 142 143 145 142 140 107 104 104 107 109 109 105 100 99 101 104 105 161 157 155 156 155 156 159 163 166 167 166 164 161 160 161 160 159 159 160 160 
108 121 133 147 159 170 180 187 190 188 181 173 161 148 134 119 104 98 91 87 88 91 89 83 81 83 90 103 113 123 133 141 142 142 141 140 107 103 103 107 109 110 105 99 98 101 104 105 161 157 155 156 155 156 159 164 166 166 166 164 160 160 160 160 159 160 160 160 
109 122 136 150 162 172 181 187 189 187 181 172 160 147 133 118 104 99 91 87 88 92 89 83 80 82 90 103 114 125 135 141 143 145 142 140 107 104 104 107 109 109 105 100 99 102 104 105 161 156 155 156 154 156 159 164 166 167 166 164 160 160 160 159 159 160 161 161 
113 126 141 154 166 175 182 189 190 188 180 172 160 147 133 119 105 98 91 87 88 92 89 84 81 83 91 104 114 124 134 142 144 145 143 140 108 105 104 108 109 110 105 101 100 102 105 105 162 158 156 157 155 156 159 164 166 167 167 165 161 161 161 160 159 160 161 161 
114 127 141 154 166 175 183 190 191 188 181 172 160 147 134 119 105 98 91 88 89 92 90 84 81 83 91 104 114 124 134 141 143 145 142 140 108 104 104 108 109 109 105 100 99 102 105 105 162 158 156 157 155 157 160 165 167 168 167 165 162 161 161 161 160 161 161 161 
112 125 139 152 164 174 182 189 191 189 182 173 161 148 134 119 104 100 92 88 89 92 89 84 81 84 92 105 115 124 135 143 144 145 143 141 108 105 105 108 110 110 106 101 100 102 105 106 162 158 156 157 155 157 160 164 167 168 167 165 161 161 161 161 160 161 161 161 
111 124 138 151 163 173 181 188 190 188 182 173 161 149 134 119 105 98 91 88 88 92 89 84 81 84 92 104 114 125 135 142 143 145 143 141 107 104 104 108 109 110 105 101 100 102 105 106 161 157 156 157 155 157 160 164 167 167 167 165 161 161 161 161 160 160 161 160 
110 123 136 149 161 172 181 188 190 188 181 172 160 147 133 119 105 98 91 88 88 92 89 83 81 84 91 104 114 124 135 142 143 145 142 140 107 104 104 107 109 109 105 101 100 102 105 106 161 157 156 157 155 157 160 164 167 168 167 164 161 161 161 160 160 160 161 160 
110 122 135 148 161 171 180 187 189 187 181 172 161 148 134 120 105 97 91 88 89 92 89 84 81 83 90 104 114 125 135 142 143 145 143 141 108 105 105 108 109 110 106 101 100 103 105 106 161 157 156 157 156 157 160 165 167 167 167 164 161 161 162 161 160 161 161 160 
110 123 136 149 161 171 180 188 190 187 180 171 160 148 134 120 105 99 91 88 89 92 90 84 82 84 92 103 112 121 131 138 140 141 138 136 109 106 105 108 110 111 106 102 101 103 106 107 161 153 150 151 150 152 157 164 168 169 168 165 160 156 156 155 157 161 162 161 
112 124 137 149 161 172 181 189 190 188 181 173 163 151 137 123 109 99 91 88 89 92 89 84 82 84 92 104 113 122 131 139 141 142 140 138 109 106 105 109 110 111 106 102 101 103 106 107 161 154 151 152 151 153 158 164 167 168 168 165 161 157 157 156 158 161 162 161 
107 120 134 148 161 171 181 188 190 188 181 172 161 149 135 121 106 98 91 88 88 92 89 84 82 84 92 103 114 123 133 142 143 144 142 139 108 106 105 108 110 111 105 102 101 103 106 106 161 157 155 156 154 156 159 165 167 168 167 165 161 160 160 159 159 161 161 161 
107 119 133 147 161 172 181 188 190 188 181 173 161 149 135 121 106 97 90 87 88 91 89 84 82 84 91 104 114 124 134 142 143 144 142 140 108 105 105 108 110 110 105 101 100 102 105 106 161 157 155 156 154 156 159 165 167 168 167 165 160 160 160 159 159 161 161 161 
107 120 134 148 161 171 180 187 189 187 180 171 160 148 134 120 106 96 90 87 88 91 89 84 82 84 91 103 113 123 133 141 142 143 141 139 108 105 105 108 110 110 105 101 101 103 106 106 161 157 155 156 154 156 159 165 167 168 167 165 161 159 160 159 159 160 161 160 
105 118 133 146 160 171 180 187 189 188 181 172 161 149 135 120 106 96 89 87 88 91 89 84 82 85 92 103 113 123 133 141 142 143 141 139 107 105 104 107 109 109 105 101 101 103 105 106 161 157 155 156 155 156 160 165 167 167 167 165 161 160 160 159 160 160 161 160 
104 117 131 145 158 169 179 187 189 187 180 171 160 148 134 120 106 95 89 86 87 91 89 84 82 84 91 103 112 121 130 140 141 142 140 139 107 104 104 107 109 110 105 101 101 103 106 106 161 156 154 155 153 155 159 164 167 167 167 165 160 159 159 158 160 160 161 160 
106 119 132 146 159 170 179 186 188 187 180 172 161 149 135 121 106 95 89 86 87 91 89 84 82 84 91 103 112 121 130 140 141 141 140 139 107 105 104 108 109 109 106 102 101 103 106 107 161 157 154 155 154 156 159 164 166 167 166 164 161 160 160 159 160 160 161 160 
106 119 133 146 159 170 179 186 188 186 180 171 160 147 134 120 106 96 89 85 87 90 89 84 82 84 92 103 113 122 131 140 141 141 140 139 106 103 103 107 108 109 106 101 100 103 106 106 160 156 153 154 153 155 158 164 166 167 166 164 160 158 158 157 158 160 160 160 
105 118 132 145 158 169 178 186 188 187 180 171 160 148 135 121 106 95 88 86 87 91 90 85 82 84 92 103 113 123 133 140 141 142 141 139 107 104 104 107 109 109 106 101 101 103 106 107 160 155 153 154 152 155 159 164 166 167 166 164 160 158 159 158 159 160 160 159 
104 116 130 144 158 169 179 187 189 187 181 172 161 149 136 121 107 94 87 85 86 90 89 84 82 84 91 103 113 123 134 140 142 143 141 139 105 103 103 106 108 108 105 101 101 103 106 106 160 156 154 156 154 156 160 164 166 167 166 163 160 159 160 159 160 160 160 159 
104 118 132 146 159 170 180 187 189 188 181 173 163 151 137 123 109 94 87 85 86 90 89 84 82 85 93 102 112 122 132 139 140 141 140 138 106 104 103 106 108 108 105 102 101 104 106 106 159 154 152 153 152 154 159 165 167 167 166 164 159 157 157 156 159 161 161 160 
103 117 131 145 158 169 179 186 188 187 180 172 161 149 135 121 107 92 86 84 86 90 89 84 82 84 92 103 113 123 134 140 141 143 141 140 105 104 103 106 107 108 105 102 102 103 106 106 160 156 154 155 154 156 160 165 167 167 166 163 159 159 160 159 160 160 160 160 
101 115 129 143 157 169 179 187 189 187 181 172 162 150 136 122 108 92 86 84 86 90 89 84 83 85 92 103 113 123 133 140 141 142 141 139 105 103 103 106 107 108 105 102 102 104 106 106 160 156 154 155 153 155 159 165 166 167 166 164 159 159 159 158 159 160 161 160 
102 115 129 142 155 167 178 186 189 188 183 175 165 153 139 125 110 92 86 84 86 90 89 84 83 86 93 103 113 122 132 139 141 142 141 139 105 102 103 106 107 107 105 102 102 104 106 106 159 156 154 156 155 157 161 165 166 167 166 163 159 159 160 160 161 160 160 159 
101 115 129 143 157 169 179 186 189 187 181 173 162 150 136 122 108 92 86 84 86 90 89 84 82 85 93 102 113 123 133 140 141 143 141 140 105 103 103 106 107 107 105 102 102 104 106 106 159 156 154 156 155 156 160 165 167 167 166 164 159 159 160 159 160 161 161 160 
100 114 128 142 155 167 178 186 189 187 181 172 162 149 136 122 108 93 86 84 85 89 89 84 83 86 94 102 113 122 133 139 141 142 141 139 104 102 102 106 107 107 106 102 102 104 107 107 159 155 154 155 154 156 160 165 167 167 166 163 159 158 159 159 160 160 160 159 
104 118 133 147 160 171 181 189 190 189 182 173 163 150 137 122 107 93 87 84 86 90 89 84 83 85 94 103 113 122 133 141 142 144 143 141 105 103 103 106 107 107 105 103 102 104 107 106 159 155 154 156 155 157 161 165 167 167 166 163 159 159 160 160 161 160 161 160 
107 120 134 147 159 169 179 186 189 188 182 173 162 150 136 122 107 93 87 84 85 89 89 84 82 85 94 102 112 122 133 140 142 143 141 140 105 103 103 106 108 108 106 103 102 104 107 107 160 156 154 156 154 157 160 165 166 166 165 163 159 159 160 160 160 160 160 159 
108 122 136 149 161 171 180 188 190 189 182 173 162 150 136 122 107 94 87 84 85 89 89 84 83 85 94 102 112 122 133 140 142 143 141 140 105 103 103 106 107 108 105 102 102 104 106 106 159 156 154 156 155 156 160 165 167 167 166 163 159 159 160 160 160 160 160 159 
103 117 131 145 158 169 178 186 188 186 180 172 161 149 136 123 109 92 85 83 85 89 89 84 83 86 94 102 112 122 133 139 141 142 141 139 104 101 101 106 106 106 105 101 101 104 106 106 159 155 153 154 153 155 160 165 167 167 166 164 159 158 158 158 159 160 160 160 
104 118 132 146 159 170 179 186 188 187 180 172 161 149 136 122 108 92 86 84 86 90 89 84 83 84 91 102 113 123 133 141 142 143 142 140 105 103 103 106 107 107 105 102 102 103 106 106 160 156 153 155 153 155 159 165 167 168 167 164 160 158 159 158 159 160 161 160 
104 117 132 146 159 170 179 186 188 187 181 172 161 149 136 121 107 92 86 84 86 89 88 84 82 84 93 103 113 123 133 140 141 143 141 139 105 103 103 106 107 107 105 102 102 104 106 106 159 156 153 155 154 156 160 165 167 167 166 164 159 159 159 159 160 160 160 160 
